1
2
3
4
521 317 571 385
5
521 317 571 385
6
521 317 571 385
7
517 322 576 393
8
520 316 574 394
9
518 313 581 384
10
517 320 578 386
11
518 318 579 383
680 136 923 332
12
520 322 581 394
687 133 926 351
13
521 342 569 389
14
521 344 574 397
15
524 347 572 397
16
529 347 575 395
17
526 347 571 394
18
524 343 575 402
19
20
529 348 576 395
21
529 342 575 392
22
23
530 343 575 394
24
526 348 575 395
25
531 346 581 395
26
525 343 579 395
27
534 345 585 398
28
527 351 582 402
29
526 350 580 400
30
530 353 583 401
31
531 358 585 401
32
535 358 586 401
33
533 351 584 404
34
536 359 589 408
35
533 350 582 390
36
535 354 590 403
37
534 357 591 408
38
538 355 591 408
39
537 351 585 393
40
536 352 586 398
41
539 356 585 394
42
538 353 595 405
43
537 352 597 402
44
541 351 591 395
45
528 354 594 404
46
538 355 593 399
47
530 361 595 404
48
49
542 357 598 399
50
543 353 597 397
51
530 361 602 411
52
535 356 605 412
53
533 358 610 411
54
544 348 603 400
55
56
57
367 341 441 402
538 356 617 411
58
366 341 441 401
539 360 617 411
59
60
367 345 446 397
61
547 345 620 414
367 343 447 398
62
366 344 442 399
63
364 342 439 401
64
366 344 440 406
65
366 348 437 405
66
365 346 436 406
67
361 337 437 403
68
359 337 437 404
546 358 631 417
69
357 339 439 408
688 165 903 336
70
552 344 645 415
355 342 435 408
71
356 338 436 396
72
356 338 436 397
73
356 338 436 399
74
356 338 437 399
75
356 339 436 399
562 351 640 416
76
353 336 433 399
557 342 649 421
77
354 335 435 399
558 341 650 415
78
353 331 438 401
569 342 656 415
79
350 335 435 402
569 344 656 413
80
561 349 662 422
348 334 435 402
81
343 332 434 403
568 348 658 416
82
346 339 430 414
83
552 360 667 428
348 337 430 414
84
556 358 667 425
341 347 427 407
85
573 356 670 427
338 347 425 409
86
572 354 670 427
340 339 436 406
87
331 335 431 413
577 350 681 431
88
339 337 426 415
563 353 693 441
89
568 353 702 426
337 343 426 421
90
327 339 425 419
568 360 705 430
91
581 359 689 438
325 341 423 419
92
338 349 413 412
584 365 691 432
93
337 350 412 412
586 370 695 435
94
334 344 412 413
580 368 699 431
95
332 343 410 416
587 364 700 432
96
584 362 704 438
328 349 409 421
97
581 363 707 432
326 352 412 418
98
324 348 418 420
585 362 710 438
529 311 580 388
99
322 349 418 423
588 366 712 442
530 313 578 390
100
316 348 417 424
587 365 719 441
101
319 354 413 424
596 368 721 436
532 312 575 391
102
317 359 411 422
599 372 721 447
103
314 359 411 424
597 377 734 450
104
303 354 416 432
598 375 742 448
105
307 364 413 427
534 309 574 387
106
586 376 745 440
294 350 415 420
107
309 347 409 423
533 310 576 390
108
109
110
586 372 768 445
111
112
113
114
115
116
117
118
119
120
583 263 651 414
121
122
123
124
125
126
127
128
129
130
131
132
133
134
135
136
137
138
139
140
141
142
143
144
145
621 349 691 405
146
622 345 689 400
637 159 886 415
147
621 350 693 407
616 151 890 436
148
615 342 697 410
149
150
151
625 354 698 407
152
153
154
155
628 343 714 409
156
157
158
631 356 716 404
159
160
629 351 722 404
161
630 352 723 408
162
174 353 242 392
163
164
165
163 350 236 392
166
167
168
647 342 737 409
169
170
171
654 342 751 417
172
656 344 753 415
173
658 347 751 418
174
175
176
177
178
179
180
677 364 767 425
181
182
680 368 770 428
183
184
185
186
187
188
189
190
191
700 351 800 430
192
700 351 802 427
193
698 354 804 428
194
703 349 808 423
195
706 359 816 426
363 331 427 407
196
710 351 817 426
197
714 349 815 422
370 342 430 400
198
512 78 959 413
367 342 429 399
199
691 357 822 423
359 336 437 410
200
357 344 439 410
201
362 341 429 406
202
363 343 427 406
203
359 340 425 405
726 350 834 424
204
359 336 425 405
726 355 839 427
205
356 344 418 413
206
359 338 424 410
207
347 332 427 402
208
345 332 412 402
209
352 334 424 409
210
741 351 848 432
343 329 424 402
211
342 333 423 403
212
341 319 421 404
213
340 311 424 406
214
338 311 410 407
215
333 313 407 403
216
333 315 409 411
217
332 312 409 416
218
343 310 422 416
219
519 98 959 378
342 310 424 414
220
339 320 424 416
221
539 67 959 423
328 312 411 407
222
328 310 409 404
223
334 316 420 420
224
323 311 408 410
225
323 311 407 412
44 355 105 411
226
316 320 407 420
41 350 103 419
227
325 311 416 415
39 355 102 423
228
316 319 402 423
46 363 101 422
229
313 314 401 413
41 362 97 420
230
312 313 402 424
610 173 899 344
231
319 315 415 420
46 362 91 418
618 163 901 345
232
317 315 417 422
607 168 904 345
233
317 319 414 418
606 170 907 348
234
315 328 411 420
609 163 915 337
235
316 328 397 413
236
311 331 407 420
237
311 324 395 420
238
307 321 394 427
599 163 922 344
239
305 316 396 427
240
303 328 394 423
241
302 322 405 425
242
302 313 408 422
243
298 315 406 421
244
281 305 416 437
595 161 922 339
245
278 299 419 437
583 152 927 340
246
272 310 419 422
578 159 936 332
247
292 314 389 433
248
284 318 404 427
249
284 320 406 431
250
287 312 403 430
251
261 307 401 428
252
256 301 421 445
253
256 300 417 440
254
257 307 413 436
255
256
257
258
259
260
261
262
263
264
265
553 70 953 431
204 333 397 433
266
553 69 953 448
200 339 379 440
267
555 65 952 412
268
269
270
271
180 325 375 433
272
172 323 371 434
273
161 323 374 437
274
172 345 349 452
275
165 328 365 439
276
144 335 370 431
277
134 336 385 429
278
136 322 392 472
279
280
113 325 348 492
281
107 322 346 491
282
105 329 346 482
283
98 320 335 481
284
285
75 326 360 491
286
72 335 345 497
287
64 323 345 492
288
289
290
291
292
293
294
511 61 957 410
295
485 58 959 411
296
506 57 959 415
297
298
299
514 66 957 416
300
301
302
513 55 959 418
303
515 60 959 451
304
520 56 959 443
305
518 60 959 445
306
514 43 959 446
307
505 51 959 431
308
309
310
311
312
313
314
315
316
317
318
319
320
321
322
323
324
632 149 940 327
325
326
327
328
329
330
331
332
333
334
335
336
337
338
339
678 121 927 335
340
341
342
343
344
345
346
347
348
349
350
351
352
353
354
355
356
357
358
359
360
361
362
363
364
365
366
367
368
369
370
371
372
373
374
375
376
377
378
379
380
381
382
383
384
385
386
387
388
389
390
391
392
393
394
395
396
397
398
399
400
401
402
403
404
405
406
407
408
409
410
411
412
413
414
415
416
417
418
419
420
421
422
423
307 347 368 411
424
309 337 374 403
425
304 346 366 407
426
427
428
429
307 338 370 407
430
298 344 362 408
431
298 339 362 407
432
433
434
435
436
437
438
439
440
441
442
443
444
445
286 341 352 400
446
447
292 340 349 398
448
293 339 353 407
449
292 338 352 399
450
292 335 353 398
451
289 345 346 399
452
288 350 346 402
453
454
455
456
457
458
459
460
461
462
463
464
465
466
467
468
469
470
471
472
473
474
475
476
477
478
479
480
481
482
483
484
485
486
487
488
489
490
491
492
493
494
636 149 920 348
495
496
497
498
499
500
189 355 284 397
501
502
503
504
505
506
507
508
509
510
511
512
513
514
515
516
517
518
524 286 576 390
519
520
521
522
523
524
525
526
527
528
529
530
531
532
533
534
535
536
537
538
539
540
541
542
543
544
545
546
547
548
549
550
762 358 807 415
551
761 355 806 413
552
553
554
555
556
557
558
559
560
561
562
563
564
565
566
567
568
569
570
571
572
573
574
575
597 160 929 350
576
577
578
579
580
581
582
876 358 925 417
583
584
585
586
587
588
589
590
591
592
593
594
595
596
597
598
599
600
601
602
603
580 87 918 434
604
605
606
607
608
609
610
611
612
613
614
615
616
592 79 918 412
617
618
619
620
621
622
623
624
625
626
627
628
629
630
631
632
633
634
635
636
637
638
639
640
641
642
714 216 803 325
643
644
645
646
647
648
649
650
651
652
653
654
655
656
657
