1
959 261 1162 420
603 295 885 507
14 323 265 407
874 301 961 365
526 300 586 334
1116 333 1277 521
2
16 313 255 401
607 287 882 528
959 275 1160 403
873 315 963 366
527 289 579 336
1127 352 1281 541
3
960 268 1170 414
591 280 894 529
0 309 234 415
512 302 577 338
860 303 962 369
1107 333 1283 538
4
594 286 884 528
957 266 1165 419
0 317 202 418
874 301 966 373
507 300 570 337
1109 337 1283 540
5
0 312 189 435
960 268 1167 417
601 269 872 532
884 298 965 361
504 299 563 335
1113 334 1267 547
6
607 280 883 512
958 269 1170 413
0 313 150 430
873 312 953 367
1124 349 1268 554
504 304 561 352
7
609 279 878 508
961 250 1159 433
0 315 130 429
491 296 558 340
870 302 961 365
1125 349 1282 550
8
601 287 882 516
960 255 1173 429
7 328 98 436
483 295 547 339
875 299 969 370
1104 345 1279 528
9
598 287 868 516
955 278 1180 421
5 324 84 446
867 301 959 365
493 300 547 341
1108 340 1277 530
10
601 280 873 521
961 256 1173 428
857 311 947 362
1109 338 1280 534
483 295 548 346
0 343 63 431
11
606 270 881 520
972 262 1159 424
864 308 945 361
478 300 545 345
1111 344 1279 529
12
600 276 871 512
967 266 1160 425
866 310 944 362
470 306 537 353
1112 342 1279 531
13
595 274 868 522
967 269 1163 422
870 306 944 359
464 304 524 350
1115 339 1279 560
14
590 293 860 518
962 279 1162 404
877 299 939 352
464 307 537 348
1116 341 1278 556
15
589 289 871 516
956 255 1177 429
866 301 970 373
459 308 533 351
1107 339 1278 558
16
590 274 867 509
955 256 1180 430
863 309 948 371
456 305 525 349
1104 341 1279 528
17
582 272 864 509
961 276 1164 410
865 311 949 372
449 301 512 339
1106 334 1279 525
18
593 279 850 501
964 277 1162 407
862 310 951 370
436 307 514 350
1108 336 1281 528
19
581 269 856 511
971 268 1170 418
863 311 950 372
441 303 503 346
1111 334 1282 538
20
581 270 847 509
967 265 1168 423
859 307 950 374
430 310 498 354
1108 341 1280 535
21
587 269 849 511
971 267 1171 415
414 305 503 349
851 305 947 375
1105 337 1278 533
22
588 265 842 514
965 251 1165 422
410 314 491 356
861 302 944 366
1100 335 1275 528
23
589 268 843 507
954 271 1169 413
859 303 961 361
403 298 481 340
1129 333 1284 543
24
589 265 843 500
976 258 1180 420
858 302 959 363
397 307 486 350
1105 340 1283 524
25
976 259 1177 419
580 262 847 500
854 299 956 371
387 305 478 348
1114 337 1285 559
26
578 267 839 502
973 260 1179 417
855 300 955 372
385 298 473 344
1116 332 1281 555
27
977 260 1175 417
579 284 836 488
852 299 952 370
368 299 456 343
1108 321 1287 545
28
965 274 1170 411
581 284 834 488
864 302 949 369
357 305 460 355
1107 336 1285 544
29
956 256 1170 416
586 269 837 502
863 303 953 371
356 307 447 363
1118 330 1283 531
30
957 254 1183 431
572 278 835 500
339 310 436 361
859 300 948 376
1119 336 1276 556
31
963 266 1192 418
568 279 832 499
344 299 429 361
856 297 942 366
1116 334 1287 534
32
982 270 1179 412
578 285 832 498
320 305 424 361
862 304 953 378
33
957 253 1185 432
582 277 830 497
319 303 409 366
861 302 954 373
1123 337 1284 529
34
980 270 1181 417
577 276 828 499
311 306 391 360
858 298 944 377
1132 342 1277 532
35
968 254 1197 434
578 281 833 494
295 300 399 359
842 301 952 376
1122 343 1280 550
36
967 253 1206 427
298 307 387 364
851 302 954 366
587 279 832 491
562 295 618 334
1132 350 1271 518
37
968 273 1208 421
589 281 831 478
858 299 956 359
278 305 385 379
1128 343 1276 521
561 292 616 340
38
975 271 1202 433
854 295 954 366
270 308 377 364
583 281 836 483
1130 346 1278 523
559 293 615 340
39
968 275 1202 409
252 311 348 374
585 283 822 486
844 300 950 367
1126 348 1279 520
550 299 604 335
40
238 316 345 365
980 273 1196 420
575 271 812 482
852 296 954 372
1126 354 1277 520
41
975 273 1199 416
570 278 821 483
234 307 335 365
846 304 949 367
1130 358 1281 521
549 290 599 336
42
976 262 1201 415
577 276 821 498
211 314 322 366
868 292 952 366
535 303 594 351
1133 367 1274 512
43
983 268 1207 416
212 314 323 376
579 281 809 495
863 294 951 369
538 300 596 337
1137 365 1280 545
44
992 266 1218 420
862 298 956 368
169 316 311 384
584 272 817 498
543 293 598 338
1154 357 1264 541
45
981 274 1206 421
583 273 821 474
861 305 957 371
169 314 302 384
1135 350 1275 546
542 296 597 341
46
156 316 283 393
992 256 1208 439
584 291 818 479
850 302 960 375
524 300 596 347
1141 358 1286 549
47
124 314 288 382
987 264 1220 426
587 291 815 493
847 301 959 372
1149 358 1287 548
519 299 585 335
48
782 293 813 395
973 255 1235 425
100 314 280 388
857 303 962 371
581 282 818 480
1156 357 1286 543
519 288 587 337
49
789 289 812 378
985 257 1231 426
858 305 965 373
71 316 261 396
582 288 810 467
516 296 585 339
1161 367 1287 549
50
991 268 1242 427
58 312 234 392
565 278 800 476
850 303 966 373
521 296 588 341
1159 365 1281 541
51
994 274 1242 427
40 317 236 410
852 304 970 374
569 281 800 474
510 291 570 338
1164 372 1274 519
52
799 296 824 377
994 267 1246 441
0 323 215 401
584 281 794 489
864 302 961 371
502 287 570 333
53
799 292 826 373
994 265 1256 446
585 282 794 484
865 301 962 369
13 324 200 411
515 295 576 341
54
800 290 829 375
991 253 1263 436
9 311 141 404
594 278 807 478
870 298 968 367
499 302 567 343
55
800 287 826 372
994 254 1260 436
0 319 131 417
593 278 805 480
867 300 972 368
499 299 570 335
56
804 289 827 369
1001 275 1269 429
868 298 975 367
593 278 807 483
497 304 569 346
0 310 112 414
57
1002 264 1277 434
600 272 804 466
869 303 984 376
9 326 101 412
485 294 564 340
58
807 293 833 360
1003 268 1278 433
875 302 986 373
603 272 804 465
1 322 68 410
479 299 562 342
59
1004 273 1282 435
599 272 802 468
884 297 982 371
481 301 549 345
60
1013 272 1282 427
875 302 993 379
598 285 798 465
474 298 539 351
61
1017 256 1281 434
595 273 800 467
855 301 995 381
482 297 554 344
62
1022 257 1281 442
877 303 999 382
594 282 801 464
463 287 542 342
63
1026 270 1279 436
598 282 800 463
869 297 1002 373
458 295 541 350
64
1038 276 1284 430
599 273 801 466
870 304 991 379
450 299 541 343
65
1037 257 1284 442
598 274 804 468
871 292 994 380
465 298 538 340
66
1039 278 1287 434
600 276 803 466
867 307 1004 372
459 300 533 341
67
590 277 798 464
1054 260 1287 447
887 296 997 366
445 304 534 338
68
604 279 798 465
1042 257 1287 444
886 302 1015 385
450 300 532 339
69
1051 279 1287 438
606 281 797 481
877 297 1007 369
442 294 513 348
70
600 284 801 466
1049 259 1287 447
884 297 1011 371
435 298 510 349
71
798 305 841 350
601 284 798 464
1058 262 1285 441
886 295 1015 372
435 293 510 339
72
603 279 798 461
1067 260 1287 450
882 297 1007 374
424 302 512 346
73
607 280 796 460
1071 255 1287 460
893 301 1022 374
420 300 507 349
74
842 294 868 379
597 278 792 478
1073 259 1286 458
893 301 1023 376
408 299 508 346
75
844 291 870 380
598 278 791 464
1072 252 1287 475
897 300 1027 376
411 302 506 351
76
837 288 872 375
612 279 795 463
887 299 1021 382
1084 259 1286 461
404 305 502 353
77
886 299 1024 381
608 280 792 469
1080 261 1287 461
389 297 484 363
78
616 285 788 462
892 298 1023 382
1089 265 1269 454
385 298 482 357
79
1090 275 1272 469
605 282 785 462
888 297 1029 383
365 306 489 364
80
896 302 1040 377
603 282 785 462
1095 257 1287 463
375 297 464 355
81
843 303 882 378
1099 274 1286 482
612 283 787 452
895 303 1040 380
352 295 472 357
82
839 296 882 362
612 281 786 456
1097 280 1287 469
902 301 1040 381
352 300 458 365
83
856 291 879 387
614 282 785 453
899 301 1042 384
1104 267 1287 463
347 308 463 364
84
855 299 893 386
1094 265 1285 480
908 300 1049 380
599 281 796 451
332 306 458 364
788 310 837 352
85
860 295 887 374
910 301 1051 382
319 296 441 362
601 279 796 455
1103 280 1287 466
784 308 838 348
86
856 306 896 387
896 296 1045 383
309 303 439 370
615 290 790 469
1130 271 1287 463
87
856 286 896 374
613 272 791 473
916 301 1057 381
304 299 439 371
1123 280 1281 464
88
855 292 889 377
290 301 429 374
920 303 1061 381
624 287 801 471
1125 279 1287 461
794 299 838 336
89
857 289 893 376
619 280 793 459
910 300 1056 383
279 306 421 369
1132 277 1275 474
796 287 840 329
90
862 292 894 376
918 300 1057 383
612 286 798 444
1135 274 1285 473
272 303 418 383
793 287 837 329
91
861 280 905 384
918 302 1062 385
245 300 391 375
1139 291 1287 476
609 288 799 449
787 296 851 337
92
874 283 905 376
917 301 1067 385
1127 288 1281 473
259 316 392 381
605 283 799 457
797 293 840 335
93
873 280 906 375
925 301 1071 383
218 299 384 378
1126 291 1279 463
611 285 791 456
796 292 843 332
94
875 294 904 384
925 302 1074 379
205 309 377 388
620 272 802 441
1131 303 1272 444
95
877 283 912 376
927 302 1081 382
1131 297 1284 452
188 308 368 388
628 270 801 457
786 288 858 345
96
874 292 913 374
913 297 1072 378
161 304 365 396
632 289 785 440
1140 304 1280 438
786 298 856 342
97
868 289 922 374
933 300 1086 390
144 301 351 399
622 279 794 443
1135 307 1275 447
793 299 864 351
98
874 284 918 381
931 303 1089 388
131 313 338 384
636 284 786 440
1146 295 1284 438
797 302 863 348
99
880 287 925 383
112 298 315 406
929 302 1096 389
624 290 793 442
1140 314 1279 423
796 294 868 343
100
885 286 929 380
936 302 1100 387
98 315 306 391
634 284 788 441
1162 304 1287 431
792 302 857 343
101
887 290 923 387
939 304 1100 384
37 305 287 401
628 283 798 442
1159 308 1276 415
794 295 860 338
102
890 287 938 379
940 306 1109 386
18 310 256 405
623 297 794 436
1167 301 1283 397
801 289 870 350
103
888 286 934 389
0 307 251 406
937 305 1110 386
624 296 794 442
1169 299 1287 405
799 295 859 338
618 282 679 333
104
892 292 938 384
20 318 230 417
947 305 1119 389
626 281 798 437
1176 329 1275 430
616 287 675 334
105
898 278 939 382
0 298 217 426
946 293 1120 382
641 282 798 439
1182 310 1283 419
613 284 673 330
106
897 281 951 399
946 301 1119 390
632 284 785 444
1182 322 1281 413
0 307 177 421
610 285 667 329
107
901 279 954 397
949 303 1120 391
0 309 160 427
651 279 800 434
1171 317 1287 417
609 293 665 334
108
904 273 949 389
952 302 1126 394
0 319 134 425
648 280 800 438
1167 318 1287 416
613 293 669 328
109
918 279 954 382
956 300 1130 393
1189 320 1287 409
643 285 805 419
0 317 99 424
606 292 669 329
110
920 274 957 383
650 278 805 432
960 298 1136 398
1185 325 1287 408
0 314 75 418
606 295 674 336
111
915 276 960 401
654 279 807 426
1191 313 1287 401
953 301 1144 394
601 286 666 321
112
916 275 959 397
650 281 802 441
953 298 1130 387
1198 325 1287 412
599 300 667 335
113
914 285 967 407
642 277 810 428
963 300 1151 390
1195 322 1287 420
596 297 667 331
114
925 279 965 405
1188 327 1284 403
658 285 798 419
972 304 1137 396
595 295 664 334
115
923 275 972 403
648 284 809 424
1195 326 1287 414
970 297 1145 397
595 299 656 332
116
932 289 976 407
649 287 812 423
1198 327 1287 412
976 298 1144 403
589 301 653 344
117
647 284 806 428
1191 331 1287 420
937 298 1159 404
592 287 650 329
118
649 286 806 431
1206 329 1287 422
971 299 1153 410
590 302 666 340
119
651 290 809 429
1202 323 1287 417
976 306 1164 414
583 296 657 348
120
939 288 978 409
653 292 809 432
1206 327 1287 416
974 303 1168 410
579 298 663 342
121
949 288 997 411
658 289 808 428
1206 320 1287 419
987 313 1170 411
570 302 660 341
122
662 292 812 435
1208 319 1287 419
940 298 1181 404
584 293 647 336
123
667 293 815 436
1207 322 1287 424
955 301 1197 406
569 295 643 353
124
666 292 815 438
967 302 1204 408
1212 320 1287 414
572 301 639 338
125
671 299 800 411
1198 320 1282 408
967 304 1199 415
568 305 647 345
126
666 297 805 416
1206 317 1287 410
986 317 1200 422
560 299 631 340
127
972 284 1017 408
685 296 806 408
1211 318 1287 406
986 313 1201 419
566 302 643 353
128
972 284 1035 432
679 288 802 418
952 301 1213 412
560 303 629 353
1217 317 1287 405
129
679 286 804 416
560 302 625 341
986 304 1219 412
818 287 882 339
130
987 284 1036 413
667 300 819 401
546 296 622 350
988 302 1219 412
131
992 284 1038 411
673 291 796 427
535 290 620 347
1022 306 1215 427
815 288 877 343
132
665 300 815 410
542 299 628 343
973 307 1236 418
133
672 298 816 408
1003 302 1250 415
540 292 623 344
134
672 298 816 406
1000 301 1248 422
536 290 621 345
824 292 897 341
135
671 298 818 411
523 290 613 349
1002 301 1241 422
136
672 290 824 422
521 304 592 355
1021 303 1239 418
627 292 675 335
820 290 897 347
1017 280 1079 397
137
679 291 823 423
522 301 593 352
1011 303 1253 420
831 286 907 342
138
688 297 813 410
505 298 601 354
1008 306 1262 427
835 286 909 345
139
679 296 809 409
501 294 597 348
1026 306 1266 428
827 302 901 347
1037 277 1100 378
140
680 298 809 407
491 292 600 352
596 295 659 336
1037 314 1262 422
833 286 907 342
1028 278 1106 419
141
696 294 820 409
484 310 586 357
1031 309 1278 445
596 286 652 328
829 299 897 348
1044 262 1118 430
142
697 293 822 411
476 297 582 359
586 289 650 330
1044 306 1281 444
1048 265 1125 426
143
690 297 815 408
461 309 579 363
587 294 649 329
1047 306 1269 398
1061 272 1129 406
144
691 296 818 406
449 284 574 353
581 292 642 328
1069 265 1151 416
145
907 237 1045 382
693 297 815 405
457 299 569 369
584 299 639 336
833 292 898 344
1066 311 1277 430
1084 265 1144 426
146
433 292 564 378
694 293 824 404
564 296 629 332
1112 302 1223 493
828 291 895 349
1098 266 1158 439
147
439 299 556 363
695 293 826 403
569 294 633 333
828 291 899 352
1105 267 1170 426
148
412 293 537 377
696 295 829 405
1013 322 1151 408
558 292 622 326
839 285 905 349
1122 271 1192 429
149
391 297 531 372
696 294 826 402
561 296 608 323
1020 314 1153 417
825 292 900 345
1140 311 1275 527
1128 275 1211 442
150
390 292 528 385
697 291 826 401
1007 307 1154 420
547 292 616 329
823 290 900 347
1135 273 1202 422
151
345 293 516 386
698 294 830 404
532 300 604 326
1023 311 1158 410
838 285 910 352
1163 265 1224 456
152
338 300 501 381
702 296 829 398
531 290 608 321
1027 309 1175 411
839 284 912 352
1167 271 1231 479
153
311 296 497 395
699 295 832 403
1019 313 1195 415
522 297 595 320
847 295 914 354
1188 255 1263 513
154
260 294 475 412
695 295 827 403
1031 311 1219 422
506 300 580 320
834 296 908 357
1206 258 1284 542
155
239 285 473 415
696 298 825 402
492 292 578 322
1036 309 1237 418
833 296 910 358
1216 258 1287 548
156
229 290 465 420
698 299 826 401
498 285 579 321
1037 307 1241 427
828 288 909 354
492 305 567 336
1232 248 1287 581
157
186 278 447 428
689 287 830 411
1007 307 1256 425
484 291 561 324
838 286 911 357
158
151 298 438 427
683 297 820 404
998 305 1269 428
471 292 549 320
832 301 914 353
159
117 287 430 440
699 298 822 410
997 303 1284 432
458 284 563 326
828 287 902 355
160
38 293 382 455
695 296 822 400
1012 304 1257 430
454 296 543 322
824 299 911 356
161
0 293 372 480
694 294 823 400
442 286 544 327
989 308 1287 428
826 288 899 349
162
0 298 338 499
696 291 825 397
1013 303 1286 431
426 280 528 329
163
0 281 309 517
691 290 820 399
1001 299 1287 439
427 282 526 332
833 290 901 345
164
0 292 256 529
686 285 818 400
998 297 1287 448
419 285 497 331
835 295 904 345
165
0 292 218 520
686 282 820 402
1003 291 1287 436
411 279 492 320
830 294 903 349
166
680 278 819 406
0 284 169 512
999 298 1287 439
400 281 501 332
825 283 895 342
167
681 287 818 397
0 308 141 537
1009 297 1287 433
394 282 477 326
828 282 894 337
168
1007 296 1287 443
683 276 821 403
371 281 474 321
831 285 894 338
169
1027 305 1287 438
688 287 818 407
381 279 488 320
823 290 896 338
3 306 101 545
170
681 290 819 405
1004 307 1279 446
342 293 448 330
817 291 896 350
171
681 294 818 406
1005 311 1281 452
345 282 438 321
828 297 893 359
172
675 293 818 413
1016 294 1287 453
332 282 430 321
823 287 896 348
173
674 295 817 414
1005 294 1287 454
321 283 425 322
827 282 891 342
606 292 647 352
174
668 293 814 415
1019 303 1287 444
294 289 405 328
832 296 887 350
175
667 293 814 410
1017 307 1287 454
293 281 401 318
826 281 896 342
176
663 293 814 413
1023 302 1287 452
275 280 397 319
828 297 896 353
177
665 288 813 415
1019 301 1287 449
260 273 378 329
830 291 896 348
573 282 638 334
178
666 290 817 413
1010 303 1287 456
814 286 895 349
255 273 367 317
572 291 648 336
179
665 288 814 416
1041 300 1267 454
225 277 351 319
819 297 892 352
566 296 640 337
180
223 277 336 321
656 291 799 416
1012 298 1287 453
824 292 892 349
568 285 631 330
181
652 286 798 416
215 275 336 322
1016 296 1287 454
564 281 622 335
816 289 890 349
182
668 269 815 418
200 276 321 327
1056 305 1272 470
809 293 891 353
546 296 623 338
183
189 278 311 327
666 269 815 421
1032 296 1287 451
810 298 880 343
544 293 611 341
184
172 273 293 321
655 281 807 424
1042 312 1287 471
811 297 876 342
526 288 611 330
185
654 279 808 428
143 272 273 321
1036 308 1287 483
817 297 889 356
523 295 603 337
186
148 266 274 317
652 279 806 424
1046 308 1287 467
812 285 881 337
523 293 609 338
94 95 175 260
187
120 268 252 315
650 278 803 424
1026 282 1287 472
808 289 892 341
508 293 601 338
188
651 285 803 427
102 264 235 316
1026 300 1287 484
809 297 891 353
511 295 599 339
189
651 281 807 427
94 264 227 316
1014 293 1287 478
493 291 598 333
817 277 883 337
190
652 284 806 425
91 269 215 314
1022 296 1287 486
479 292 588 340
808 281 892 342
191
650 276 803 420
1030 305 1287 466
71 271 204 315
484 280 573 321
806 282 890 342
192
644 276 806 422
1035 290 1287 474
468 281 585 339
46 258 199 306
815 281 884 344
193
646 270 807 426
28 250 176 303
1030 293 1287 483
466 277 560 331
804 280 894 338
194
645 265 812 430
20 260 158 312
1033 295 1287 493
441 275 565 325
817 279 889 348
195
648 268 812 426
9 258 145 314
443 283 558 335
1030 293 1287 495
818 287 891 342
196
648 270 813 426
4 256 140 310
436 285 556 343
1044 298 1287 502
810 278 883 335
197
650 268 813 427
3 253 125 302
426 275 543 341
1049 296 1287 498
814 290 892 337
198
649 272 813 424
0 260 105 307
1035 312 1287 477
406 291 528 344
816 281 878 335
199
649 272 814 424
413 293 543 341
0 250 114 302
1040 297 1287 476
809 277 890 343
200
657 284 825 430
378 282 508 340
1048 301 1287 476
8 255 74 308
816 283 880 340
201
653 271 819 438
0 263 63 310
370 280 521 337
1039 304 1287 484
821 298 891 341
202
651 271 821 443
349 277 510 354
1039 309 1287 486
819 283 882 343
0 261 50 314
203
651 271 823 447
336 278 489 344
1024 301 1287 486
821 283 883 343
204
650 270 822 447
311 283 478 356
817 284 884 335
1039 307 1287 482
205
652 280 821 440
307 282 460 363
1059 315 1287 498
821 279 883 337
206
281 275 465 357
652 275 822 440
1059 315 1287 498
817 285 886 338
207
264 287 440 366
655 270 825 440
1059 318 1287 520
812 279 878 336
208
239 273 429 372
656 272 826 441
1063 315 1287 520
812 280 878 337
209
213 282 412 362
655 281 836 450
1046 310 1287 495
819 280 880 336
210
192 280 402 370
652 267 831 452
1052 294 1287 487
811 279 877 335
211
185 285 386 373
653 277 837 453
1059 309 1287 502
812 281 877 337
212
147 286 382 384
649 262 837 450
1062 293 1287 487
811 282 883 338
213
123 283 367 387
650 282 836 446
1063 304 1287 504
813 285 874 345
214
86 281 342 393
653 280 839 448
1066 307 1287 481
812 283 883 337
215
50 282 331 404
652 277 840 449
1072 304 1287 486
813 285 884 339
216
4 276 306 408
655 279 842 448
1064 311 1287 481
816 290 885 344
588 270 636 318
217
0 275 287 407
651 283 833 448
1077 317 1279 485
815 292 882 343
218
0 265 262 421
662 278 847 451
1091 314 1284 494
814 291 882 336
219
0 277 211 426
665 280 847 454
1072 314 1287 479
814 290 883 344
220
0 265 197 425
667 281 848 454
1078 311 1287 486
814 292 881 342
221
0 280 187 421
649 275 838 448
1079 311 1287 480
814 291 884 339
965 212 1146 378
222
0 281 146 421
1082 312 1287 478
662 261 854 457
824 291 894 346
223
637 274 850 447
9 285 92 425
1087 308 1287 472
822 296 889 341
586 273 639 327
224
669 278 857 453
1088 310 1287 467
12 286 79 404
572 268 639 322
820 296 887 339
225
650 271 840 453
1092 308 1281 474
569 267 636 324
226
666 278 848 439
1095 308 1282 475
556 264 628 326
970 211 1160 374
227
668 275 848 456
1090 307 1287 459
553 268 629 322
228
659 279 848 447
1065 304 1287 466
551 277 628 323
229
663 271 850 453
545 273 626 317
1093 307 1287 462
230
659 269 854 454
537 272 625 314
1075 287 1287 462
231
674 269 855 452
1091 308 1287 461
550 282 625 324
232
662 272 854 433
1093 311 1279 478
541 271 598 315
233
668 272 853 438
1093 309 1280 474
540 273 596 318
817 294 883 348
